6 11 16 20 25 33
6 11 16 19 27 32
6 11 15 20 28 31
6 11 15 19 28 32
6 11 15 19 26 34
6 11 14 22 27 31
6 11 14 22 25 33
6 11 13 22 26 33
6 10 17 21 25 32
6 10 15 23 26 31
6 10 14 23 27 31
6 10 14 23 25 33
6 10 13 21 29 32
6 9 17 22 26 31
6 9 17 20 28 31
6 9 17 19 28 32
6 9 13 22 26 35
6 8 17 21 25 34
6 8 16 19 27 35
6 7 16 20 29 33
6 7 15 23 26 34
5 12 16 21 25 32
5 12 16 20 27 31
5 10 18 21 26 31
5 10 18 19 27 32
5 10 14 19 27 36
5 10 13 24 27 32
5 10 13 21 26 36
5 9 18 22 26 31
5 9 18 20 28 31
5 9 18 19 28 32
5 9 13 24 28 32
5 9 13 20 28 36
5 8 18 21 25 34
5 8 18 19 27 34
5 8 16 24 27 31
5 8 16 24 25 33
5 8 13 21 30 34
5 7 16 20 27 36
5 7 15 24 26 34
4 12 17 21 26 31
4 12 17 20 25 33
4 12 15 23 26 31
4 12 14 23 27 31
4 12 14 23 25 33
4 12 13 21 29 32
4 12 13 20 29 33
4 11 15 24 26 31
4 11 13 24 26 33
4 11 13 20 30 33
4 9 17 20 25 36
4 8 18 19 27 35
4 8 17 24 25 33
4 8 17 21 30 31
4 8 17 19 30 33
4 8 13 24 27 35
4 7 18 20 29 33
4 7 17 24 26 33
4 7 17 20 30 33
3 12 17 20 25 34
3 12 16 20 29 31
3 12 16 19 29 32
3 12 14 23 25 34
3 12 13 22 26 35
3 11 18 22 26 31
3 11 18 19 26 34
3 11 16 20 25 36
3 11 14 22 30 31
3 11 13 24 26 34
3 11 13 22 30 32
3 10 18 19 29 32
3 10 18 19 26 35
3 10 14 23 25 36
3 8 17 19 30 34
3 8 16 24 25 35
3 7 18 20 29 34
3 7 17 20 30 34
3 7 16 24 29 32
2 12 13 21 29 34
2 11 18 19 27 34
2 11 15 24 28 31
2 11 15 24 25 34
2 10 18 21 29 31
2 10 18 19 29 33
2 10 18 19 27 35
2 10 17 21 25 36
2 10 13 24 29 33
2 10 13 24 27 35
1 12 17 21 26 34
1 12 17 20 28 33
1 12 16 20 27 35
1 12 14 23 27 34
1 11 16 24 27 32
1 10 18 23 27 32
1 10 17 21 30 32
1 9 17 24 28 32
