7 13 19 24 29 39 44
7 13 19 23 32 36 45
7 13 19 23 29 38 46
7 13 19 22 30 39 45
7 13 18 23 33 38 43
7 13 18 23 33 36 45
7 13 18 22 33 38 44
7 13 18 22 31 40 44
7 13 18 22 30 40 45
7 13 17 26 30 39 43
7 13 17 26 30 36 46
7 13 17 26 29 39 44
7 13 17 22 32 37 47
7 13 16 26 31 36 46
7 13 16 26 29 38 46
7 13 16 25 29 38 47
7 13 15 25 30 40 45
7 13 15 24 33 37 46
7 12 20 25 30 38 43
7 12 20 24 29 37 46
7 12 20 23 29 38 46
7 12 20 22 32 37 45
7 12 20 22 31 37 46
7 12 20 22 30 39 45
7 12 18 27 29 38 44
7 12 18 22 31 41 44
7 12 17 27 32 37 43
7 12 17 27 30 39 43
7 12 17 27 29 39 44
7 12 17 27 29 37 46
7 12 17 23 34 36 46
7 12 17 22 34 39 44
7 12 16 27 31 36 46
7 12 16 27 29 38 46
7 12 16 25 34 38 43
7 12 16 25 34 36 45
7 12 15 25 34 38 44
7 12 15 25 34 37 45
7 12 15 24 34 37 46
7 11 20 26 30 36 45
7 11 20 24 33 37 43
7 11 20 23 33 38 43
7 11 20 23 33 36 45
7 11 20 22 33 37 45
7 11 20 22 31 40 44
7 11 20 22 30 40 45
7 11 19 24 34 36 44
7 11 19 23 34 36 45
7 11 19 22 34 38 44
7 11 19 22 34 37 45
7 11 19 22 31 41 44
7 11 19 22 30 41 45
7 11 16 26 31 41 43
7 11 15 26 30 41 45
7 11 15 26 30 38 48
7 10 20 25 30 40 43
7 10 20 25 30 36 47
7 10 20 25 29 40 44
7 10 20 25 29 37 47
7 10 20 23 33 36 46
7 10 20 22 33 39 44
7 10 20 22 32 37 47
7 10 19 27 32 36 44
7 10 19 27 30 36 46
7 10 19 27 29 39 44
7 10 19 27 29 37 46
7 10 19 23 32 41 43
7 10 19 22 32 41 44
7 10 19 22 30 39 48
7 9 20 26 31 36 46
7 9 19 27 31 36 46
7 9 19 27 29 38 46
7 9 19 24 34 39 43
7 9 19 24 34 36 46
7 9 18 27 31 40 43
7 9 18 27 29 38 47
7 8 19 23 34 38 46
7 8 18 27 30 38 47
6 14 19 25 31 36 44
6 14 19 24 29 39 44
6 14 19 23 32 36 45
6 14 19 23 29 39 45
6 14 18 23 31 40 43
6 14 18 23 29 40 45
6 14 16 26 31 39 43
6 14 16 26 29 39 45
6 14 16 25 31 36 47
6 14 15 25 31 40 44
6 12 21 25 29 38 44
6 12 21 23 32 38 43
6 12 21 22 31 39 44
6 12 17 28 32 37 43
6 12 17 28 29 37 46
6 12 17 22 35 39 44
6 12 16 28 31 39 43
6 12 16 28 29 39 45
6 12 16 25 35 38 43
6 12 16 22 35 39 45
6 12 16 22 31 39 49
6 12 15 28 32 37 45
6 12 15 28 31 37 46
6 12 15 25 35 38 44
6 12 15 25 35 37 45
6 12 15 23 32 38 49
6 11 21 26 31 37 43
6 11 21 26 31 36 44
6 11 21 24 33 37 43
6 11 21 23 33 38 43
6 11 21 23 31 40 43
6 11 21 22 31 40 44
6 11 21 22 31 37 47
6 11 19 28 29 38 44
6 11 19 24 29 37 49
6 11 19 23 31 36 49
6 11 19 22 31 42 44
6 11 17 28 30 40 43
6 11 16 28 33 38 43
6 11 16 28 33 36 45
6 11 16 28 31 36 47
6 11 16 26 35 36 45
6 11 16 26 31 36 49
6 11 16 26 29 38 49
6 11 16 22 33 42 45
6 11 16 22 31 42 47
6 11 15 28 33 38 44
6 11 15 28 31 40 44
6 11 15 28 30 40 45
6 11 15 26 35 37 45
6 11 15 26 31 37 49
6 10 21 25 30 40 43
6 10 21 25 29 40 44
6 10 21 23 33 36 46
6 10 21 23 32 36 47
6 10 21 22 32 37 47
6 10 19 28 32 37 43
6 10 19 28 30 39 43
6 10 19 28 29 39 44
6 10 19 25 35 36 44
6 10 19 23 35 36 46
6 10 19 23 32 36 49
6 10 19 23 29 39 49
6 10 19 22 35 39 44
6 10 19 22 32 37 49
6 10 16 25 35 36 47
6 10 15 28 32 37 47
6 10 15 25 35 40 44
6 10 15 25 35 37 47
6 9 21 26 31 36 46
6 9 19 28 32 38 43
6 9 19 28 32 36 45
6 9 19 28 31 39 43
6 9 19 28 31 36 46
6 9 19 22 32 42 45
6 9 18 28 31 40 43
6 9 18 28 29 40 45
6 9 18 28 29 38 47
6 9 18 22 35 40 45
6 9 15 28 32 38 47
6 8 21 26 31 37 46
6 8 21 25 31 37 47
6 8 19 28 31 39 44
6 8 19 28 31 37 46
6 8 19 28 30 39 45
6 8 19 25 35 37 45
6 8 19 25 31 42 44
6 8 19 23 35 39 45
6 8 19 23 31 42 46
6 8 18 28 33 37 45
6 8 18 28 31 37 47
6 8 17 28 30 39 47
6 8 17 26 35 37 46
5 14 20 25 30 36 45
5 14 20 24 30 39 43
5 14 20 23 31 36 46
5 14 18 27 31 37 43
5 14 18 27 31 36 44
5 14 18 22 31 41 44
5 14 18 22 31 37 48
5 14 17 27 32 37 43
5 14 17 27 30 39 43
5 14 17 22 34 39 44
5 14 16 27 31 39 43
5 14 16 27 31 36 46
5 14 16 25 34 38 43
5 14 16 25 34 36 45
5 14 15 27 31 37 46
5 14 15 25 31 37 48
5 14 15 24 34 39 44
5 14 15 24 34 37 46
5 13 18 28 30 38 43
5 13 18 23 31 36 49
5 13 18 22 35 38 44
5 13 17 28 30 39 43
5 13 17 28 30 36 46
5 13 17 22 32 42 44
5 13 16 28 31 39 43
5 13 16 25 35 38 43
5 13 16 22 31 39 49
5 13 15 25 35 38 44
5 13 15 25 31 42 44
5 13 15 24 35 39 44
5 13 15 24 30 39 49
5 13 15 23 32 38 49
5 11 21 27 31 36 44
5 11 21 24 34 36 44
5 11 21 22 34 38 44
5 11 20 28 31 37 43
5 11 20 28 30 38 43
5 11 20 22 31 42 44
5 11 20 22 31 37 49
5 11 20 22 30 42 45
5 11 16 27 31 36 49
5 11 15 28 34 38 44
5 11 15 28 31 37 48
5 11 15 28 30 38 48
5 11 15 27 31 42 44
5 11 15 27 31 37 49
5 11 15 27 30 38 49
5 11 15 24 34 37 49
5 10 21 27 32 36 44
5 10 21 27 30 36 46
5 10 21 22 32 41 44
5 10 21 22 30 39 48
5 10 20 28 32 37 43
5 10 20 28 30 39 43
5 10 20 25 35 37 43
5 10 20 23 32 36 49
5 10 20 22 35 39 44
5 10 20 22 32 37 49
5 10 20 22 30 39 49
5 10 16 27 29 39 49
5 10 15 28 32 41 44
5 10 15 28 30 39 48
5 10 15 27 35 37 46
5 10 15 27 32 37 49
5 10 15 25 35 37 48
5 9 21 24 34 36 46
5 9 20 28 31 39 43
5 9 20 28 29 38 46
5 9 20 24 35 39 43
5 9 20 24 35 36 46
5 9 20 24 29 42 46
5 9 20 22 32 42 45
5 9 20 22 31 42 46
5 9 18 28 29 38 48
5 9 18 22 35 38 48
5 8 21 23 34 38 46
5 8 20 28 31 37 46
5 8 20 28 30 39 45
5 8 20 25 30 42 45
5 8 20 23 31 42 46
5 8 18 28 31 41 44
5 8 18 28 30 41 45
5 8 18 27 31 37 49
5 8 18 27 30 38 49
5 8 17 28 34 39 44
5 8 17 27 30 42 46
4 14 20 24 33 37 43
4 14 20 24 29 37 47
4 14 20 23 31 40 43
4 14 20 23 29 40 45
4 14 20 22 33 37 45
4 14 20 22 31 37 47
4 14 19 27 30 36 45
4 14 19 24 34 37 43
4 14 19 24 30 41 43
4 14 19 24 29 41 44
4 14 19 23 34 38 43
4 14 19 23 34 36 45
4 14 19 23 31 41 43
4 14 19 23 31 36 48
4 14 19 23 29 38 48
4 14 19 22 31 41 44
4 14 19 22 31 37 48
4 14 17 27 30 40 43
4 14 17 27 30 36 47
4 14 17 27 29 40 44
4 14 17 26 29 37 48
4 14 16 27 33 38 43
4 14 16 27 31 36 47
4 14 16 27 29 38 47
4 14 16 26 31 41 43
4 14 16 26 29 41 45
4 14 15 27 31 40 44
4 14 15 26 31 37 48
4 14 15 26 30 41 45
4 14 15 24 34 37 47
4 14 15 24 30 41 47
4 14 15 23 33 38 48
4 13 21 26 30 38 43
4 13 21 23 33 38 43
4 13 21 23 31 40 43
4 13 21 22 33 38 44
4 13 19 28 30 38 43
4 13 19 24 29 42 44
4 13 19 23 35 36 45
4 13 19 23 29 38 49
4 13 19 22 35 38 44
4 13 19 22 31 42 44
4 13 19 22 30 42 45
4 13 17 26 35 37 43
4 13 17 22 30 42 47
4 13 16 26 35 38 43
4 13 16 26 35 36 45
4 13 16 26 31 36 49
4 13 16 26 29 38 49
4 13 15 28 30 38 47
4 13 15 26 30 38 49
4 13 15 24 35 37 47
4 13 15 24 33 42 44
4 13 15 23 35 40 45
4 12 21 27 31 37 43
4 12 21 27 30 38 43
4 12 21 24 34 37 43
4 12 21 23 34 38 43
4 12 21 23 31 41 43
4 12 21 23 29 38 48
4 12 21 22 31 37 48
4 12 21 22 30 41 45
4 12 17 22 35 37 48
4 12 16 27 31 42 43
4 12 16 27 29 42 45
4 12 16 27 29 38 49
4 12 15 27 31 37 49
4 12 15 27 30 38 49
4 12 15 24 34 37 49
4 12 15 23 35 38 48
4 12 15 23 34 38 49
4 10 21 27 30 36 47
4 10 21 23 33 36 48
4 10 19 27 30 36 49
4 10 19 27 29 37 49
4 10 19 23 35 36 48
4 10 15 27 35 37 47
4 9 21 26 31 36 48
4 9 21 26 29 38 48
4 9 21 24 34 36 47
4 9 20 24 29 42 47
4 9 20 22 35 38 47
4 9 20 22 31 42 47
4 9 19 28 29 38 48
4 9 19 22 35 38 48
4 9 19 22 31 42 48
4 9 15 26 35 38 48
4 8 21 27 31 37 47
4 8 21 27 30 38 47
4 8 21 26 30 41 45
4 8 21 23 34 38 47
4 8 20 23 33 42 45
4 8 19 28 30 41 45
4 8 19 27 31 42 44
4 8 19 27 30 42 45
4 8 19 27 30 38 49
4 8 19 23 34 38 49
4 8 17 27 30 42 47
3 14 20 25 30 40 43
3 14 20 25 30 36 47
3 14 20 25 29 37 47
3 14 20 23 33 36 46
3 14 20 23 29 40 46
3 14 19 25 34 36 44
3 14 19 25 29 37 48
3 14 19 23 34 36 46
3 14 19 23 29 39 48
3 14 19 22 34 39 44
3 14 18 27 29 40 44
3 14 18 27 29 37 47
3 14 18 22 33 37 48
3 14 16 26 29 41 46
3 14 16 25 34 36 47
3 14 15 25 34 40 44
3 14 15 25 34 37 47
3 13 21 26 30 36 46
3 13 21 25 30 40 43
3 13 21 25 30 36 47
3 13 21 23 32 36 47
3 13 19 28 30 36 46
3 13 19 28 29 39 44
3 13 19 25 29 42 44
3 13 19 23 32 36 49
3 13 19 23 29 42 46
3 13 19 23 29 39 49
3 13 19 22 32 42 44
3 13 19 22 30 39 49
3 13 18 28 33 37 43
3 13 18 28 30 40 43
3 13 18 28 29 40 44
3 13 18 23 29 40 49
3 13 18 22 35 40 44
3 13 18 22 35 37 47
3 13 18 22 30 40 49
3 13 16 28 29 39 47
3 13 16 26 35 36 46
3 13 16 26 29 39 49
3 13 16 25 35 36 47
3 13 16 25 29 42 47
3 13 16 22 35 39 47
3 13 15 28 32 37 47
3 13 15 26 35 37 46
3 13 15 26 32 37 49
3 13 15 25 35 40 44
3 13 15 25 35 37 47
3 13 15 25 30 42 47
3 13 15 23 35 40 46
3 12 21 25 34 37 43
3 12 21 23 34 36 46
3 12 21 23 32 41 43
3 12 21 22 32 41 44
3 12 20 23 32 42 43
3 12 20 23 29 42 46
3 12 20 23 29 39 49
3 12 20 22 35 37 46
3 12 20 22 32 37 49
3 12 20 22 30 39 49
3 12 18 27 29 37 49
3 12 18 22 35 41 44
3 12 16 27 29 42 46
3 12 15 28 30 41 46
3 12 15 25 35 37 48
3 11 21 22 34 37 47
3 11 20 26 30 36 49
3 11 20 26 29 37 49
3 11 20 22 33 42 44
3 11 20 22 30 42 47
3 11 20 22 30 40 49
3 11 15 28 34 37 47
3 11 15 23 34 40 49
3 9 20 26 35 36 46
3 9 20 22 32 42 47
3 8 21 26 30 41 46
3 8 21 25 34 37 47
3 8 20 28 33 37 46
3 8 20 28 30 39 47
3 8 20 25 35 37 47
3 8 20 25 30 42 47
3 8 20 23 33 42 46
3 8 19 28 34 39 44
3 8 19 28 30 41 46
3 8 19 23 34 39 49
3 8 18 28 30 41 47
2 14 19 27 31 36 46
2 14 19 25 31 36 48
2 14 19 24 29 41 46
2 14 19 22 31 39 48
2 14 17 27 29 40 46
2 14 15 27 31 40 46
2 13 21 25 31 36 47
2 13 21 24 33 36 46
2 13 19 28 32 36 45
2 13 19 28 31 36 46
2 13 19 28 29 38 46
2 13 19 25 35 36 45
2 13 19 24 35 36 46
2 13 19 24 29 39 49
2 13 19 22 35 39 45
2 13 17 28 32 36 47
2 13 15 28 33 38 46
2 13 15 25 35 40 45
2 13 15 25 35 38 47
2 12 21 27 31 36 46
2 12 21 27 29 38 46
2 12 21 25 29 38 48
2 12 21 24 29 41 46
2 12 21 22 32 41 45
2 12 21 22 31 41 46
2 12 21 22 31 39 48
2 12 20 24 35 39 43
2 12 20 24 29 39 49
2 12 20 22 35 39 45
2 12 20 22 31 39 49
2 12 17 28 29 39 48
2 12 17 27 35 36 46
2 12 17 22 35 39 48
2 12 15 28 32 41 45
2 12 15 28 31 41 46
2 12 15 27 35 38 46
2 12 15 25 35 38 48
2 12 15 24 35 41 46
2 11 21 27 31 36 47
2 11 21 22 33 38 48
2 11 20 28 31 40 43
2 11 20 28 29 40 45
2 11 20 22 35 40 45
2 11 20 22 31 40 49
2 11 19 28 31 36 48
2 11 19 28 29 38 48
2 11 15 28 33 38 48
2 11 15 27 31 40 49
2 8 19 28 31 41 46
2 8 19 27 31 39 49
1 14 20 24 30 39 47
1 14 20 23 31 40 46
1 14 19 27 32 37 45
1 14 19 27 31 39 44
1 14 19 24 34 39 44
1 14 19 24 34 37 46
1 14 19 23 34 39 45
1 14 18 27 31 40 44
1 14 18 27 31 37 47
1 14 18 27 30 40 45
1 13 21 26 31 39 44
1 13 21 24 30 39 47
1 13 21 23 32 38 47
1 13 21 23 31 40 46
1 13 19 28 30 39 45
1 13 19 24 35 39 44
1 13 19 23 35 39 45
1 13 19 23 35 38 46
1 13 19 23 32 42 45
1 13 18 28 31 40 44
1 13 18 28 30 40 45
1 13 18 28 30 38 47
1 13 18 24 35 37 47
1 13 18 23 35 40 45
1 13 16 26 35 39 45
1 13 16 26 35 38 46
1 12 21 27 31 37 46
1 12 21 24 34 39 44
1 12 21 24 34 37 46
1 12 21 23 34 38 46
1 12 20 24 35 37 46
1 12 20 23 35 39 45
1 12 20 23 35 38 46
1 12 20 23 32 42 45
1 12 20 23 31 42 46
1 12 18 27 35 38 44
1 12 18 27 35 37 45
1 12 16 27 35 38 46
1 12 16 27 31 42 46
1 11 21 27 31 40 44
1 11 21 27 31 37 47
1 11 21 27 30 38 47
1 11 21 26 31 37 48
1 11 21 26 30 38 48
1 11 21 24 34 37 47
1 11 21 23 34 40 45
1 11 20 28 31 37 47
1 11 20 28 30 40 45
1 11 20 28 30 38 47
1 11 20 26 35 37 45
1 11 19 28 34 38 44
1 11 19 28 34 37 45
1 11 19 28 30 38 48
1 11 19 23 31 42 48
1 11 16 27 31 42 47
1 10 21 27 32 37 47
1 10 20 28 32 37 47
1 10 20 28 30 39 47
1 10 19 28 30 39 48
1 10 19 23 35 39 48
1 10 16 27 35 39 47
